NC_000932.1	rrn23S_NC_000932.1	100.00	2810	0	0	104691	107500	1	2810	0.0e+00	5528.0
NC_000932.1	rrn23S_NC_000932.1	100.00	2810	0	0	131149	133958	2810	1	0.0e+00	5528.0
NC_000932.1	rrn16S_NC_000932.1	100.00	1491	0	0	101012	102502	1	1491	0.0e+00	2937.0
NC_000932.1	rrn16S_NC_000932.1	100.00	1491	0	0	136147	137637	1491	1	0.0e+00	2937.0
NC_000932.1	rrn4.5S_NC_000932.1	100.00	103	0	0	107599	107701	1	103	5.6e-52	202.0
NC_000932.1	rrn4.5S_NC_000932.1	100.00	103	0	0	130948	131050	103	1	5.6e-52	202.0
NC_000932.1	trnS_NC_000932.1	100.00	88	0	0	7785	7872	1	88	4.7e-43	172.0
NC_000932.1	trnS_NC_000932.1	100.00	28	0	0	44885	44912	29	2	8.3e-08	55.0
NC_000932.1	trnS_NC_000932.1	94.44	18	1	0	44827	44844	88	71	3.2e-01	33.0
NC_000932.1	trnY_NC_000932.1	100.00	84	0	0	30323	30406	84	1	5.6e-41	165.0
NC_000932.1	trnD_NC_000932.1	100.00	74	0	0	29801	29874	74	1	2.3e-35	147.0
NC_000932.1	trnfM_NC_000932.1	100.00	74	0	0	36704	36777	74	1	4.4e-35	146.0
NC_000932.1	trnW_NC_000932.1	100.00	74	0	0	66229	66302	74	1	8.3e-35	145.0
NC_000932.1	trnP_NC_000932.1	100.00	74	0	0	66490	66563	74	1	8.3e-35	145.0
NC_000932.1	trnI_NC_000932.1	100.00	74	0	0	152264	152337	1	74	1.1e-34	144.0
NC_000932.1	trnI_NC_000932.1	100.00	74	0	0	86312	86385	74	1	1.1e-34	144.0
NC_000932.1	trnE_NC_000932.1	100.00	73	0	0	30466	30538	73	1	1.2e-34	144.0
NC_000932.1	trnH_NC_000932.1	100.00	73	0	0	4	76	73	1	2.1e-34	143.0
NC_000932.1	trnF_NC_000932.1	100.00	73	0	0	48175	48247	1	73	2.7e-34	143.0
NC_000932.1	trnQ_NC_000932.1	100.00	72	0	0	6616	6687	72	1	4.5e-34	142.0
NC_000932.1	trnM_NC_000932.1	100.00	73	0	0	52056	52128	1	73	7.4e-34	142.0
NC_000932.1	trnN_NC_000932.1	100.00	72	0	0	129565	129636	1	72	8.6e-34	141.0
NC_000932.1	trnN_NC_000932.1	100.00	72	0	0	109013	109084	72	1	8.6e-34	141.0
NC_000932.1	trnT_NC_000932.1	100.00	72	0	0	31369	31440	1	72	1.3e-33	141.0
NC_000932.1	trnC_NC_000932.1	100.00	71	0	0	27373	27443	1	71	1.5e-33	141.0
NC_000932.1	trnR_NC_000932.1	100.00	72	0	0	9590	9661	1	72	2.4e-33	140.0
NC_000932.1	trnG_NC_000932.1	100.00	54	0	0	9378	9431	19	72	3.5e-23	106.0
NC_000932.1	trnG_NC_000932.1	100.00	18	0	0	8646	8663	1	18	7.4e-02	35.0
NC_000932.1	trnL_NC_000932.1	100.00	50	0	0	47441	47490	36	85	1.7e-20	97.0
NC_000932.1	trnL_NC_000932.1	100.00	35	0	0	46894	46928	1	35	5.8e-12	69.0
NC_000932.1	trnA_NC_000932.1	100.00	38	0	0	103665	103702	1	38	1.1e-13	75.0
NC_000932.1	trnA_NC_000932.1	100.00	38	0	0	134947	134984	38	1	1.1e-13	75.0
NC_000932.1	trnA_NC_000932.1	100.00	35	0	0	104504	104538	39	73	4.5e-12	69.0
NC_000932.1	trnA_NC_000932.1	100.00	35	0	0	134111	134145	73	39	4.5e-12	69.0
NC_000932.1	trnV_NC_000932.1	100.00	37	0	0	51199	51235	74	38	3.4e-13	73.0
NC_000932.1	trnV_NC_000932.1	100.00	37	0	0	51835	51871	37	1	5.0e-13	72.0
NC_000932.1	trnK_NC_000932.1	100.00	37	0	0	4311	4347	37	1	5.7e-13	72.0
NC_000932.1	trnK_NC_000932.1	100.00	35	0	0	1717	1751	72	38	3.5e-12	70.0
